name: quantum
channels:
  - conda-forge
  - defaults
dependencies:
  - asttokens=2.4.1=pyhd8ed1ab_0
  - blas=1.0=mkl
  - bzip2=1.0.8=h2bbff1b_5
  - ca-certificates=2024.7.2=haa95532_0
  - colorama=0.4.6=pyhd8ed1ab_0
  - comm=0.2.2=pyhd8ed1ab_0
  - debugpy=1.6.7=py311hd77b12b_0
  - decorator=5.1.1=pyhd8ed1ab_0
  - exceptiongroup=1.2.0=pyhd8ed1ab_2
  - executing=2.0.1=pyhd8ed1ab_0
  - icc_rt=2022.1.0=h6049295_2
  - importlib-metadata=7.1.0=pyha770c72_0
  - importlib_metadata=7.1.0=hd8ed1ab_0
  - ipykernel=6.29.3=pyha63f2e9_0
  - ipython=8.22.2=pyh7428d3b_0
  - ipywidgets=8.1.3=pyhd8ed1ab_0
  - jedi=0.19.1=pyhd8ed1ab_0
  - joblib=1.4.2=py311haa95532_0
  - jupyter_client=8.6.1=pyhd8ed1ab_0
  - jupyter_core=5.7.2=py311h1ea47a8_0
  - jupyterlab_widgets=3.0.11=pyhd8ed1ab_0
  - libblas=3.9.0=1_h8933c1f_netlib
  - libcblas=3.9.0=5_hd5c7e75_netlib
  - libffi=3.4.4=hd77b12b_1
  - liblapack=3.9.0=5_hd5c7e75_netlib
  - libsodium=1.0.18=h8d14728_1
  - m2w64-gcc-libgfortran=5.3.0=6
  - m2w64-gcc-libs=5.3.0=7
  - m2w64-gcc-libs-core=5.3.0=7
  - m2w64-gmp=6.1.0=2
  - m2w64-libwinpthread-git=5.0.0.4634.697f757=2
  - matplotlib-inline=0.1.7=pyhd8ed1ab_0
  - mkl-service=2.4.0=py311h2bbff1b_1
  - mkl_fft=1.3.8=py311h2bbff1b_0
  - mkl_random=1.2.4=py311h59b6b97_0
  - msys2-conda-epoch=20160418=1
  - nest-asyncio=1.6.0=pyhd8ed1ab_0
  - openssl=3.0.14=h827c3e9_0
  - packaging=24.0=pyhd8ed1ab_0
  - parso=0.8.4=pyhd8ed1ab_0
  - pickleshare=0.7.5=py_1003
  - pip=23.3.1=py311haa95532_0
  - platformdirs=4.2.1=pyhd8ed1ab_0
  - prompt-toolkit=3.0.42=pyha770c72_0
  - psutil=5.9.0=py311h2bbff1b_0
  - pure_eval=0.2.2=pyhd8ed1ab_0
  - pygments=2.17.2=pyhd8ed1ab_0
  - python=3.11.8=he1021f5_0
  - python_abi=3.11=2_cp311
  - pywin32=305=py311h2bbff1b_0
  - pyzmq=25.1.2=py311hd77b12b_0
  - scikit-learn=1.4.2=py311hf62ec03_1
  - setuptools=68.2.2=py311haa95532_0
  - six=1.16.0=pyh6c4a22f_0
  - sqlite=3.45.3=h2bbff1b_0
  - stack_data=0.6.2=pyhd8ed1ab_0
  - threadpoolctl=3.5.0=py311h746a85d_0
  - tk=8.6.12=h2bbff1b_0
  - tornado=6.3.3=py311h2bbff1b_0
  - traitlets=5.14.3=pyhd8ed1ab_0
  - typing_extensions=4.11.0=pyha770c72_0
  - ucrt=10.0.20348.0=haa95532_0
  - vc=14.2=h21ff451_1
  - vc14_runtime=14.40.33810=ha82c5b3_20
  - vs2015_runtime=14.40.33810=h3bf8584_20
  - wcwidth=0.2.13=pyhd8ed1ab_0
  - wheel=0.41.2=py311haa95532_0
  - widgetsnbextension=4.0.11=pyhd8ed1ab_0
  - xz=5.4.6=h8cc25b3_0
  - zeromq=4.3.5=hd77b12b_0
  - zipp=3.17.0=pyhd8ed1ab_0
  - zlib=1.2.13=h8cc25b3_0
  - pip:
      - appdirs==1.4.4
      - autograd==1.6.2
      - autoray==0.6.9
      - cachetools==5.3.3
      - certifi==2024.2.2
      - charset-normalizer==3.3.2
      - contourpy==1.2.1
      - cycler==0.12.1
      - filelock==3.13.1
      - fonttools==4.51.0
      - fsspec==2024.2.0
      - future==1.0.0
      - gputil==1.4.0
      - idna==3.7
      - intel-openmp==2021.4.0
      - jinja2==3.1.3
      - kiwisolver==1.4.5
      - markupsafe==2.1.5
      - matplotlib==3.8.4
      - mkl==2021.4.0
      - mpmath==1.3.0
      - networkx==3.2.1
      - numpy==1.26.3
      - pandas==2.2.2
      - pennylane==0.35.1
      - pennylane-lightning==0.35.1
      - pillow==10.2.0
      - portalocker==2.8.2
      - pyparsing==3.1.2
      - python-dateutil==2.9.0.post0
      - pytz==2024.1
      - requests==2.31.0
      - rustworkx==0.14.2
      - scipy==1.13.0
      - seaborn==0.13.2
      - semantic-version==2.10.0
      - sympy==1.12
      - tbb==2021.11.0
      - toml==0.10.2
      - torch==2.2.2+cu121
      - torchaudio==2.2.2+cu121
      - torchdata==0.7.1
      - torchtext==0.17.2
      - torchvision==0.17.2+cu121
      - tqdm==4.66.2
      - typing-extensions==4.9.0
      - tzdata==2024.1
      - urllib3==2.2.1
prefix: C:\Users\nicho\.pyenv\pyenv-win\versions\miniconda3-py310_23.1.0-1\envs\quantum
